30
-1 8 22 48 25 8 20 41 23 39 24 19 45 25 4 25 21 3 49 41 43 8 50 46 17 34 37 2 22 16 
22 -1 3 16 47 40 18 34 42 10 38 15 40 17 46 24 19 48 5 31 35 24 39 28 28 48 44 26 19 12 
32 39 -1 5 21 10 34 27 31 1 8 24 26 24 3 50 6 32 24 46 1 21 45 14 35 14 21 2 33 35 
21 36 40 -1 35 14 8 48 50 26 12 3 24 5 13 3 2 37 26 45 27 37 38 41 5 48 21 22 1 43 
11 5 34 9 -1 12 23 7 8 15 12 7 13 11 14 47 44 27 21 42 48 8 6 25 2 42 5 9 31 30 
28 43 40 17 30 -1 23 24 49 2 33 50 46 6 43 12 50 25 43 2 40 4 48 23 50 14 36 16 20 45 
30 16 1 17 5 9 -1 34 15 30 45 3 7 7 6 6 13 38 50 25 3 39 21 20 3 17 48 24 32 32 
6 50 36 22 6 26 43 -1 29 1 6 18 38 29 12 50 28 49 13 32 46 50 22 18 20 36 37 1 20 36 
34 26 10 42 27 40 42 10 -1 11 5 44 18 25 48 41 46 47 32 21 31 18 18 2 44 16 40 47 26 9 
22 34 28 31 48 39 26 27 35 -1 11 50 31 12 22 37 35 41 50 7 4 20 33 1 24 26 8 12 45 29 
35 17 20 20 14 42 49 17 14 36 -1 6 40 34 47 22 41 25 29 10 27 7 4 22 42 5 16 11 34 27 
29 34 12 43 46 35 8 50 27 39 45 -1 35 26 40 7 12 28 38 37 6 44 9 27 24 42 50 4 32 30 
29 4 42 12 15 37 35 26 36 18 24 5 -1 33 40 25 14 35 26 48 1 50 1 8 46 18 35 3 50 34 
37 17 40 41 22 13 23 27 38 16 17 3 48 -1 13 1 46 18 1 48 45 6 41 50 42 2 15 42 43 7 
24 20 5 7 22 23 44 3 10 5 37 20 49 39 -1 31 2 47 24 8 12 2 30 26 43 11 8 18 27 33 
15 6 8 36 25 30 16 46 17 18 6 20 43 27 41 -1 19 9 34 3 13 40 49 25 25 48 47 21 35 32 
40 37 47 28 41 40 16 44 34 20 49 21 38 5 44 17 -1 33 8 37 20 22 28 26 48 14 17 7 33 8 
39 32 25 9 10 11 24 2 35 48 23 46 42 31 27 14 48 -1 18 6 34 39 22 45 37 24 4 18 45 30 
25 24 47 22 27 35 39 46 38 3 37 20 19 17 26 30 47 10 -1 8 31 6 9 46 30 15 15 4 22 7 
25 19 28 33 26 10 28 37 5 44 27 48 47 32 18 43 9 49 14 -1 14 35 40 5 45 28 12 20 47 8 
31 43 4 8 12 42 22 1 49 17 35 6 3 42 37 49 18 43 12 41 -1 41 44 32 14 36 11 47 37 46 
15 11 16 43 24 35 20 47 9 9 25 28 23 36 36 10 32 20 28 25 43 -1 49 21 6 44 31 38 2 38 
9 9 27 6 1 38 10 8 1 19 48 38 33 21 9 10 12 24 9 27 28 32 -1 16 4 45 2 20 21 48 
24 42 31 10 27 45 9 38 21 35 6 5 29 3 16 27 34 38 18 6 40 26 21 -1 21 38 6 46 40 25 
19 50 43 50 8 39 13 20 26 36 1 37 9 2 45 38 32 26 10 11 45 23 38 35 -1 1 34 43 35 19 
30 35 35 7 12 31 8 23 27 9 41 46 6 41 41 47 28 11 22 23 33 31 38 23 31 -1 38 37 10 17 
23 37 17 31 4 15 20 27 2 2 1 34 14 24 10 27 3 10 2 7 29 23 11 20 8 15 -1 14 44 3 
37 25 46 35 23 11 33 31 11 44 29 8 8 29 31 11 33 24 39 50 4 24 13 49 42 14 26 -1 50 4 
26 8 26 50 33 11 4 48 39 18 17 31 12 23 3 6 38 48 32 23 43 35 11 26 12 22 34 30 -1 31 
11 9 25 33 28 38 8 40 45 35 14 26 41 12 14 40 7 31 48 45 13 11 31 36 32 30 22 32 33 -1 
