40
-1 22 5 26 20 4 29 19 26 32 49 26 21 48 50 8 40 14 18 15 21 41 30 15 3 10 5 27 36 20 7 19 30 17 29 19 11 29 34 44 
42 -1 28 35 14 1 36 28 31 32 40 21 15 44 2 41 27 39 18 27 45 45 47 21 18 39 6 7 2 25 14 24 4 36 10 41 41 12 1 35 
39 20 -1 46 36 46 42 26 15 41 15 24 41 40 1 27 34 8 17 47 24 10 11 18 21 15 5 3 37 25 45 22 36 46 20 14 22 34 37 44 
21 2 5 -1 47 38 16 19 2 16 41 31 14 19 7 28 37 29 18 4 27 44 23 15 35 21 13 42 42 46 40 26 16 2 13 15 15 40 35 20 
45 19 45 34 -1 30 33 24 31 17 42 41 35 7 24 1 50 16 26 3 5 26 8 38 19 2 18 31 9 43 9 47 6 46 34 23 13 31 9 20 
2 14 39 39 43 -1 30 1 48 41 19 44 25 7 46 14 7 6 12 1 7 13 26 38 15 38 43 23 19 26 4 30 46 35 6 19 25 2 32 44 
46 6 48 38 4 42 -1 31 36 15 4 20 1 47 49 8 17 37 9 4 16 32 3 37 13 41 5 17 16 16 47 15 50 30 7 7 6 34 33 23 
19 23 39 50 21 48 1 -1 49 23 39 49 18 46 18 10 31 27 1 11 3 4 5 25 16 29 13 37 32 50 35 11 15 26 30 4 8 35 14 43 
44 6 35 44 19 16 13 43 -1 18 13 15 16 20 7 25 44 48 35 47 14 24 43 34 4 34 25 13 30 33 3 42 35 14 32 14 32 23 18 37 
30 32 31 27 24 7 2 35 8 -1 15 45 23 16 49 25 49 37 34 18 19 15 29 20 2 40 35 4 7 34 33 26 50 39 5 29 40 5 32 23 
49 32 44 9 9 5 23 40 3 25 -1 39 45 5 16 32 37 2 23 28 16 15 30 27 22 27 18 35 21 46 25 49 36 4 39 1 43 28 16 44 
4 13 30 40 33 34 18 10 40 26 39 -1 17 42 35 30 5 1 7 11 33 26 12 20 40 28 48 4 32 33 46 16 42 32 18 43 36 28 26 2 
31 33 1 40 20 11 49 21 27 36 45 6 -1 12 35 29 46 9 7 33 6 49 2 32 45 29 31 15 49 3 10 8 26 45 27 5 38 25 11 17 
50 43 14 33 17 50 22 13 33 20 16 2 39 -1 44 46 1 10 35 39 23 12 4 50 49 42 34 50 46 10 32 6 40 31 28 44 18 40 6 35 
1 39 5 37 42 25 29 41 6 42 36 34 5 38 -1 27 19 42 33 12 16 4 5 11 23 22 32 25 38 41 28 6 38 21 20 11 2 41 15 10 
3 38 3 8 12 29 16 4 11 4 42 44 11 14 24 -1 9 36 28 38 44 44 15 50 24 14 14 5 36 46 35 36 32 38 35 14 28 22 4 25 
1 18 22 21 6 6 40 39 26 24 47 26 42 13 47 33 -1 18 5 20 23 38 29 27 13 13 33 2 9 34 2 47 24 32 24 47 39 45 24 14 
41 9 21 6 5 27 48 13 1 8 15 8 27 15 6 1 10 -1 44 45 21 17 50 40 47 34 27 11 32 3 22 13 14 7 39 9 24 22 3 9 
16 38 34 7 21 1 7 43 24 9 32 39 2 27 32 12 19 37 -1 50 1 41 37 9 17 37 33 10 47 13 23 10 6 48 7 17 12 22 5 8 
38 43 32 25 27 4 41 50 14 18 25 28 2 23 24 36 38 41 40 -1 18 23 38 34 34 2 45 15 23 30 20 30 8 42 9 49 31 13 18 6 
24 11 7 23 37 24 8 43 40 45 41 10 39 16 23 40 11 49 12 48 -1 23 49 13 41 47 27 17 22 31 16 19 29 24 22 21 10 5 15 14 
14 27 14 25 3 15 42 1 18 28 49 16 3 50 8 2 35 15 37 30 28 -1 8 28 28 44 17 18 22 16 4 7 12 42 2 35 36 44 5 33 
12 31 33 7 10 39 36 1 33 19 49 47 9 20 14 11 37 33 3 23 41 14 -1 12 19 37 38 5 23 29 17 49 44 49 43 9 3 27 8 47 
42 25 9 1 6 16 27 46 10 44 5 14 1 6 3 15 10 45 40 37 27 45 46 -1 3 17 19 6 7 13 33 27 30 47 22 19 26 49 8 25 
50 43 42 30 32 30 31 29 37 22 13 38 50 17 5 9 20 10 14 28 21 38 42 21 -1 48 33 7 26 25 30 46 5 6 47 45 38 21 45 39 
17 15 49 31 9 28 13 12 5 40 4 36 45 35 46 3 26 47 25 37 13 15 23 17 11 -1 10 46 24 25 9 33 25 18 34 26 8 30 37 10 
35 49 17 48 10 41 39 26 28 43 36 31 44 44 9 4 16 24 38 48 24 42 24 2 47 44 -1 16 21 14 20 11 2 12 13 15 15 36 42 49 
6 12 48 27 47 17 13 9 21 42 47 50 34 1 7 44 46 28 21 42 40 40 26 13 5 22 2 -1 3 23 21 2 24 10 48 50 44 39 32 41 
10 7 6 30 4 36 45 15 29 9 6 18 46 23 37 26 7 3 2 43 15 34 28 5 20 5 47 44 -1 13 6 14 42 43 16 37 2 42 23 9 
3 22 10 22 16 28 15 45 6 38 1 47 32 33 10 12 30 15 43 50 12 22 6 37 8 2 2 44 35 -1 5 19 35 22 27 16 12 8 18 33 
10 33 1 6 42 4 38 15 2 48 47 44 17 43 11 27 36 29 32 27 23 48 11 14 4 50 2 19 13 13 -1 30 9 23 34 6 46 44 41 42 
4 33 44 40 31 17 38 36 16 20 4 25 2 43 18 2 3 39 45 19 43 24 47 45 17 10 13 13 3 22 4 -1 9 48 14 48 14 1 26 41 
15 2 4 10 41 9 3 37 28 36 37 6 32 34 34 4 21 11 8 37 28 9 32 12 15 2 14 30 39 32 45 46 -1 19 5 45 37 37 34 34 
8 27 47 19 14 27 42 4 39 3 36 28 19 29 35 3 49 38 47 41 13 3 42 48 5 14 43 25 1 3 16 15 42 -1 49 7 12 10 26 16 
22 33 2 23 19 13 1 23 25 10 37 29 24 26 40 35 50 28 35 39 29 50 10 28 29 15 28 24 35 30 26 47 13 50 -1 24 22 40 39 2 
29 10 48 1 36 6 25 35 33 24 11 1 39 19 21 14 18 49 14 47 8 49 37 29 25 27 11 45 3 24 8 49 2 25 17 -1 24 50 28 47 
20 29 48 40 23 5 48 18 36 48 7 20 2 24 18 40 1 12 26 17 3 6 24 45 16 8 49 9 27 48 31 25 8 36 27 27 -1 32 19 26 
35 8 19 40 7 27 38 35 25 22 37 5 12 20 22 39 3 20 16 48 49 16 39 8 34 34 38 19 2 10 18 2 33 20 21 29 31 -1 32 21 
44 8 40 4 21 23 35 33 39 27 11 47 46 6 9 5 44 8 8 1 43 16 34 7 17 29 18 8 27 41 29 13 39 32 35 13 22 31 -1 32 
1 1 25 40 30 10 25 44 44 13 1 44 49 27 4 47 46 5 21 20 9 45 48 28 24 27 18 33 25 10 36 46 15 44 35 5 23 12 13 -1 
