20
-1 2 3 4 5 6 7 8 9 5 -1 8 7 8 6 8 4 9 -1 8
8 -1 4 7 8 9 6 7 5 4 8 8 8 8 8 8 8 8 8 -1
3 4 -1 2 3 4 5 6 7 3 7 7 7 2 8 6 8 3 2 1 
8 7 8 -1 6 8 6 4 5 6 6 8 17 4 8 5 8 9 7 8 
1 1 1 1 -1 1 1 1 1 1 2 7 8 1 5 7 8 9 7 1
6 8 9 6 8 -1 2 2 8 3 8 2 3 1 4 5 7 8 9 5
8 9 7 8 1 5 -1 8 6 7 8 9 10 11 2 5 6 -1 8 7
2 2 2 2 2 2 2 -1 2 2 1 1 1 1 1 1 1 1 1 1 
3 3 3 3 4 4 4 4 8 6 8 9 2 7 5 3 8 9 4 1
7 8 9 4 5 6 7 8 9 -1 8 9 -1 -1 8 9 7 2 9 8
1 2 3 4 5 6 7 8 9 5 -1 8 7 8 6 8 4 9 -1 8
8 -1 4 7 8 9 6 7 5 4 8 -1 8 8 8 8 8 8 8 -1
3 4 -1 2 3 4 5 6 7 3 7 7 -1 2 8 9 8 3 2 1 
8 7 8 -1 6 8 6 4 5 6 6 8 7 -1 8 5 8 9 7 8 
1 1 1 1 -1 1 1 1 1 1 2 7 8 10 -1 7 8 9 7 10
6 8 9 6 8 -1 9 2 8 3 8 2 3 1 4 -1 7 8 9 5
8 9 7 8 7 5 -1 8 6 7 8 9 10 11 2  -1 -1 8 7
2 2 2 2 2 2 2 -1 2 2 1 1 1 1 1 1 1 -1 1 1 
3 3 3 3 4 4 4 4 8 6 8 9 2 7 5 3 8 9 -1 1 7
7 8 9 4 5 6 7 8 9 -1 8 9 -1 -1 8 9 7 2 6 -1
